1. d4   --> ((2,4),(4,4),1)
1. d5   --> ((7,4),(5,4),7)

2. Nc3  --> ((1,2),(3,3),3)
2. c5   --> ((7,3),(5,3),7)

3. dxc5 --> ((4,4),(5,3),1)
3. e6   --> ((7,5),(6,5),7)

4. Nf3  --> ((1,7),(3,6),3)
4. Bxc5 --> ((8,6),(5,3),8)

5. Be3  --> ((1,3),(3,5),2)
5. Na6  --> ((8,2),(6,1),9)

6. Bg5  --> ((3,5),(5,7),2)
6. f6   --> ((5,6),(6,6),7)

7. Be3  --> ((5,7),(3,6),2)
7. d4   --> ((5,4),(4,4),7)

8. Bxd4 --> ((3,5),(4,4),2)
8. Bxd4 --> ((5,3),(4,4),8)

9. Nxd4 --> ((3,6),(4,4),3)
9. Nb4  --> ((6,1),(4,2),9)

10. e3  --> ((2,5),(3,5),1)
10. e5  --> ((6,5),(5,5),7)
