>>> tahta=[
[-1,-1,-1,-1,-1,-1,-1,-1],
[-1,4,3,2,5,6,2,3,5],
[-1,1,1,1,1,1,1,1,1],
[-1,0,0,0,0,0,0,0,0],
[-1,0,0,0,0,0,0,0,0],
[-1,0,0,0,0,0,0,0,0],
[-1,0,0,0,0,0,0,0,0],
[-1,7,7,7,7,7,7,7,7],
[-1,10,9,8,11,12,8,9,10]]

>>> brd = {"a": [-1,4,1,0,0,0,0,7,10],
... "b": [-1,3,1,0,0,0,0,7,9],
... "c": [-1,2,1,0,0,0,0,7,8],
... "d": [-1,5,1,0,0,0,0,7,11],
... "e": [-1,6,1,0,0,0,0,7,12],
... "f": [-1,2,1,0,0,0,0,7,8],
... "g": [-1,3,1,0,0,0,0,7,9],
... "h": [-1,4,1,0,0,0,0,7,10] }
>>> sutunlar={'z':0, 'a':1, 'b':2, 'c':3, 'd':4, 'e':5, 'f':6, 'g':7, 'h':8}
>>> h1="d4"
>>> h2="dxc5"
>>> h3="Ndxe4"
>>> h3="Ngxe4"
>>> parca=list(h1)
>>> sutun=sutunlar[parca[0]]
>>> satir=int(parca[1])
>>> tahta[satir][sutun]
0



